3,2
10,133
10,205
10,287
10,225
10,295
10,105
10,93
10,231
11,17
11,2
11,3
9,5
9,7
9,2
9,3
8,9
8,6
8,15
8,4
144,8
144,7
144,6
144,5
144,4
144,3
144,2
144,1
144,0
143,3
143,2
143,1
143,0
130,3
130,2
130,1
130,0
129,3
129,2
129,1
129,0
128,3
128,2
128,1
128,0
127,3
127,2
127,1
127,0
126,3
126,2
126,1
126,0
125,3
125,2
125,1
125,0
124,3
124,2
124,1
124,0
123,3
123,2
123,1
123,0
122,3
122,2
122,1
122,0
121,3
121,2
121,1
121,0
120,3
120,2
120,1
120,0
119,3
119,2
119,1
119,0
118,3
118,2
118,1
118,0
117,3
117,2
117,1
67,3
67,1
20,3
20,2
20,1
19,2
19,3
19,1
12,3
12,2
12,1
11,29
11,27
11,26
11,25
11,24
11,23
11,22
11,21
11,18
11,15
11,13
11,11
11,10
11,9
11,7
11,1
10,286
10,274
10,272
10,216
